#          tests positiv geheilt stationaer intensiv tot
2020-03-08     0       0       0          0        0   0
2020-03-11    10       4       0          0        0   0
2020-03-13    76      16       0          0        0   0
2020-03-14   145      21       0          0        0   0
2020-03-15   145      35       0          0        0   0
2020-03-16   234      36       0          0        0   0
2020-03-17   311      43       0          0        0   0
2020-03-18   415      54       0          0        0   0
2020-03-19   755      62       0          0        0   0
2020-03-20  1031      73       0          0        0   0
2020-03-21  1034      84       0          0        0   0
2020-03-22  1034      93       0          0        0   0
2020-03-23  1034      98       0          0        0   0
2020-03-24  1173     103       0          0        0   0
2020-03-25  1173     117       0          0        0   0
2020-03-26  1656     138       0         12        4   1
2020-03-27  1875     147       0         13        5   1
2020-03-28  1875     185       0         21        5   1
2020-03-29  1875     198       0          0        0   1
2020-03-30  1995     208      34         27        6   1
2020-03-31  2179     211      40         27        6   1
2020-04-01  2279     225      53         32        6   1
2020-04-02  2474     240      60         19        6   1
2020-04-03  2593     251      75         21        6   2
2020-04-04  2650     263      80         23        8   2
2020-04-05  2650     263      89         18        8   2
2020-04-06  2681     269      95         19        9   2
2020-04-07  2732     272      96         20        8   2
2020-04-08  2869     292     116         20        7   2
2020-04-09  2987     305     147         21       10   4
2020-04-10  3061     315     182         22       10   5
2020-04-11  3061     321     194         22       10   5
2020-04-12  3085     323     205         22       10   5
2020-04-13  3091     327     223         22       10   5
2020-04-14  3091     326     231         21        9   8
2020-04-15  3231     335     244         29        9   8
2020-04-16  3307     360     256         29        9   8
2020-04-17  3414     373     260         30        9  10
2020-04-18  3414     392     269         30        0  11
2020-04-19  3414     400     271         30        0  11
2020-04-20  3561     402     275         30        9  12
2020-04-21  3690     412     290         31        6  14
2020-04-22  3850     426     295         26        6  14
2020-04-23  3985     436     308         26        3  14
2020-04-24  3561     441     306         26        3  16
2020-04-25  4244     460     307         25        3  16
2020-04-26  4269     471     317         26        5  16
2020-04-27  4270     474     317         28        4  17
2020-04-28  4312     478     317         32        4  18
2020-04-29  4606     487     342         30        4  18
2020-04-30  4660     497     355         29        4  19
2020-05-01  5015     503     371         27        3  19
2020-05-02  5015     520     385         22        3  20
2020-05-03  5054     526     389         21        3  21
2020-05-04  5054     527     389         20        3  21
2020-05-05  5134     527     391         19        3  21
2020-05-06  5134     531     405         20        3  21
2020-05-07  5183     537     415         19        3  21
2020-05-08  5378     542     420         18        3  21
2020-05-09  5378     548     439         18        3  21
2020-05-10  5378     551     450         17        2  21
2020-05-11  5476     553     453         17        2  21
2020-05-12  5532     556     457         18        3  21
2020-05-13  5586     566     466         16        3  21
2020-05-14  5652     570     484         17        2  21
2020-05-15  5719     578     490         15        2  22
2020-05-16  5804     583     507         14        4  22
2020-05-17  5831     592     508         11        3  22
2020-05-18  5831     593     508         11        3  22
2020-05-19  5831     598     510         11        3  22
2020=05-20  5831     608     516         10        3  22
2020-05-21  5831     611     517         10        3  22
2020-05-22  5831     613     523          9        3  22
2020-05-23 6080 615 525 9  3 22
2020-05-24 6080 617 530 9  3 22
2020-05-25 6080 617 534 9  3 22
2020-05-26 6080 617 546 11 3 22
2020-05-27 6422 621 547 11 3 22
2020-05-28 6675 624 555 9  3 22
2020-05-29 6713 629 563 9  0 22
2020-05-30 6713 630 572 8  0 22 
2020-05-31 6814 630 576 8  0 22
2020-06-01 6814 630 576 8  0 22
2020-06-02 6814 631 586 8  0 22
2020-06-03 6903 632 589 8  0 22
