#          tests positiv geheilt stationaer intensiv tot
2020-03-08     0       0       0          0        0   0
2020-03-11    10       4       0          0        0   0
2020-03-13    76      16       0          0        0   0
2020-03-14   145      21       0          0        0   0
2020-03-15   145      35       0          0        0   0
2020-03-16   234      36       0          0        0   0
2020-03-17   311      43       0          0        0   0
2020-03-18   415      54       0          0        0   0
2020-03-19   755      62       0          0        0   0
2020-03-20  1031      73       0          0        0   0
2020-03-21  1034      84       0          0        0   0
2020-03-22  1034      93       0          0        0   0
2020-03-23  1034      98       0          0        0   0
2020-03-24  1173     103       0          0        0   0
2020-03-25  1173     117       0          0        0   0
2020-03-26  1656     138       0         12        4   1
2020-03-27  1875     147       0         13        5   1
2020-03-28  1875     185       0         21        5   1
