2020-02-21    3   0 0
2020-02-28   38   0 0
2020-03-01   61   0 0
2020-03-03   84   0 0
2020-03-04  132   0 0
2020-03-05  195   0 0
2020-03-06  220   0 0
2020-03-09    0   1 0
2020-03-10  365   0 0
2020-03-11  443   2 0
2020-03-12  443   3 0
2020-03-13  553   0 0
2020-03-15  663   4 0
2020-03-17  755   0 0
2020-03-18  811   4 25
2020-03-19  890   5 71
2020-03-20  916  13 84
2020-03-23 1011  24 219
2020-03-25 1067  26 324
2020-03-26 1153  28 360
2020-03-30 1281  34 554
2020-03-31 1307  37 609
2020-04-01 1373  38 659
2020-04-02 1417  39 693
2020-04-03 1436  42 768
2020-04-06 1474  46 845
2020-04-07 1495  47 919
2020-04-08 1527  48 969
2020-04-09 1537  48 974
